   GM number  counts  background      sigma
0       1007    1399         187  37.403208
1       1009    1455         159  38.144462
2       1010    1421         212  37.696154
3       1011    1580         154  39.749214
4       1013    1418         177  37.656341
5       1015    1589         183  39.862263
mean=1477.0 
std=77.82244748999695 
stdmean=31.770881147505005 
meanstd=38.418606961035245 

z=2.02564469786543 
p=0.9958258788464792 

bg=178.7 ± 7.8 

e_g=0.00250 ± 0.00017 
N_true=(6.720 ± 0.015)·10⁵
e_i_avg=0.386 ± 0.029
e_i_007=0.361 ± 0.029