Series 1:
Avg Background: 10.1 ± 2.4
lamda = 0.0135161 ± 0.00034
N0 = 673.8 ± 26
bg = 14.9 ± 0.66
chi2=1.3499210917660591
Half-time: 51.3 ± 1.3

Series 2:
Avg Background: 19 ± 3.4
lamda = 0.0134155 ± 0.00031
N0 = 682.9 ± 24
bg = 21.9 ± 0.67
chi2=0.9695109979891907
Half-time: 51.7 ± 1.2

Series 3:
Avg Background: 27.7 ± 9.5
lamda = 0.0143217 ± 0.00035
N0 = 712 ± 27
bg = 25.8 ± 0.68
chi2=0.972062721902555
Half-time: 48.4 ± 1.2

Average Half-time: 50.4 ± 1.2